%YAML:1.0
---
ProjectionMat: !!opencv-matrix
   rows: 3
   cols: 4
   dt: d
   data: [1198.374756,0.000000, 724.285892, 0.000000,0.000000, 1298.094482, 405.682109, 0.000000,0.000000,0.000000, 1.000000, 0.000000]
LidarToCameraMat: !!opencv-matrix
   rows: 4
   cols: 4
   dt: d
   data: [-0.892208, 0.0878591,-0.442995,0.50487,-0.418902, -0.527562 , 0.739053,-1.39768,-0.168775, 0.844961,0.5075,4.25705,0,0,0,1]
RotationAngleX: 0
RotationAngleY: 0
RotationAngleZ: -25



