%YAML:1.0
---
ProjectionMat: !!opencv-matrix
   rows: 3
   cols: 4
   dt: d
   data: [822.462219, 0.000000, 389.010160, 0.000000, 0.000000, 855.909973, 251.900597, 0.000000, 0.000000, 0.000000, 1.000000, 0.000000]
LidarToCameraMat: !!opencv-matrix
   rows: 4
   cols: 4
   dt: d
   data: [-1, 0, 0, 0, 0, 0, -1, 0, 0, -1, 0, 0,0,0,0,1]
RotationAngleX: 3   #上下调整
RotationAngleY: -6    #左右调整
RotationAngleZ: 0       #水平度调整



