catkin_make -DCATKIN_WHITELIST_PACKAGES="aruco;aruco_ros;aruco_msgs" -DCMAKE_CXX_FLAGS="-std=c++11"
          catkin_make -DCATKIN_WHITELIST_PACKAGES="aruco_mapping;lidar_camera_calibration" -DCMAKE_CXX_FLAGS="-std=c++11"
          catkin_make -DCATKIN_WHITELIST_PACKAGES="" -DCMAKE_CXX_FLAGS="-std=c++11"





Average translation is:
0.810505
-2.18277
 4.14002
Average rotation is:
 0.927502   0.32085 -0.191818
 0.356581 -0.605362  0.711608
   0.1122 -0.728417 -0.675884
Average transformation is: 
 0.927502   0.32085 -0.191818  0.810505
 0.356581 -0.605362  0.711608  -2.18277
   0.1122 -0.728417 -0.675884   4.14002
        0         0         0         1
Final rotation is:
 -0.92699  0.191561  -0.32248
-0.357545 -0.711126   0.60536
 -0.11336  0.676464  0.727699
Final ypr is:
0.368123
 3.02799
-2.39267



camera matrix
1349.356046 0.000000 717.651593
0.000000 1350.312253 405.746008
0.000000 0.000000 1.000000

distortion
-0.538453 0.488185 -0.010806 -0.006056 0.000000

rectification
1.000000 0.000000 0.000000
0.000000 1.000000 0.000000
0.000000 0.000000 1.000000

projection
1198.374756 0.000000 724.285892 0.000000
0.000000 1298.094482 405.682109 0.000000
0.000000 0.000000 1.000000 0.000000

847.475098 0.000000 331.213397 0.000000
0.000000 871.411438 251.853518 0.000000
0.000000 0.000000 1.000000 0.000000
